$ 1 0.000005 10.20027730826997 50 5 43 5e-11
v 240 448 240 272 0 0 40 5 0 0 0.5
r 768 496 768 576 0 5100
r 288 448 288 272 0 10000
w 288 496 496 496 0
w 240 272 288 272 0
w 288 272 640 272 0
x 494 264 521 267 4 24 \p5
p 288 448 240 448 1 0 0
w 560 496 608 496 0
w 288 496 288 448 0
w 240 448 240 496 0
w 240 496 240 576 0
w 240 576 496 576 0
w 496 544 544 544 0
w 624 528 624 544 0
w 496 576 624 576 0
w 640 496 720 496 0
w 624 576 768 576 0
r 496 544 496 496 0 1000
w 496 496 528 496 0
f 544 528 544 496 33 1.5 0.02
f 624 528 624 496 41 1.5 0.02
w 624 544 544 544 0
w 544 528 544 544 0
S 624 464 544 464 0 1 false 0 2
w 624 464 640 464 0
w 640 464 640 496 0
w 544 480 528 480 0
w 528 480 528 496 0
w 544 448 464 448 0
w 464 448 464 544 0
w 464 544 496 544 0
s 720 496 768 496 0 0 false
g 768 576 768 592 0 0
